127
2 169 169 1
2 169 169 2
2 169 169 3
2 169 169 4
2 169 169 5
2 169 169 6
2 169 169 7
2 169 169 8
2 169 169 9
2 169 169 10
2 169 169 11
2 169 169 12
2 169 169 13
2 169 169 14
2 169 169 15
2 169 169 16
1 1 9 17
1 2 10 18
1 3 11 19
1 4 12 20
1 5 13 21
1 6 14 22
1 7 15 23
1 8 16 24
2 169 169 25
2 169 169 26
2 169 169 27
2 169 169 28
2 169 169 29
2 169 169 30
2 169 169 31
2 169 169 32
1 17 25 33
1 18 26 34
1 19 27 35
1 20 28 36
1 21 29 37
1 22 30 38
1 23 31 39
1 24 32 40
2 169 169 41
2 169 169 42
2 169 169 43
2 169 169 44
2 169 169 45
2 169 169 46
2 169 169 47
2 169 169 48
1 25 33 49
1 26 34 50
1 27 35 51
1 28 36 52
1 29 37 53
1 30 38 54
1 31 39 55
1 32 40 56
2 169 169 57
2 169 169 58
2 169 169 59
2 169 169 60
2 169 169 61
2 169 169 62
2 169 169 63
2 169 169 64
1 41 49 65
1 42 50 66
1 43 51 67
1 44 52 68
1 45 53 69
1 46 54 70
1 47 55 71
1 48 56 72
2 169 169 73
2 169 169 74
2 169 169 75
2 169 169 76
2 169 169 77
2 169 169 78
1 57 65 79
1 58 66 80
1 59 67 81
1 60 68 82
1 61 69 83
1 62 70 84
1 63 71 85
1 64 72 86
2 169 169 87
2 169 169 88
2 169 169 89
2 169 169 90
2 169 169 91
2 169 169 92
1 73 80 93
1 74 81 94
1 75 82 95
1 76 83 96
1 77 84 97
1 78 85 98
2 169 169 99
2 169 169 100
2 169 169 101
2 169 169 102
1 87 93 103
1 88 94 104
1 89 95 105
1 90 96 106
1 91 97 107
1 92 98 108
2 169 169 109
2 169 169 110
2 169 169 111
2 169 169 112
1 99 104 113
1 100 105 114
1 101 106 115
1 102 107 116
1 79 103 117
1 109 113 118
1 110 114 119
1 111 115 120
1 112 116 121
1 117 118 122
1 119 122 123
1 120 123 124
1 121 124 125
1 108 125 126
1 86 126 127